   1.0000000e+00   1.0000000e+00   0.0000000e+00  -7.8232700e-01
   2.0000000e+00   1.0000000e+00   1.0000000e+00  -1.5033270e+00
   3.0000000e+00   2.0000000e+00   1.0000000e+00  -3.0943270e+00
   4.0000000e+00   2.0000000e+00   2.0000000e+00  -7.4650770e+00
   6.0000000e+00   3.0000000e+00   3.0000000e+00  -5.7235270e+00
   7.0000000e+00   3.0000000e+00   4.0000000e+00  -5.9415990e+00
   9.0000000e+00   4.0000000e+00   5.0000000e+00  -6.8104830e+00
   1.0000000e+01   5.0000000e+00   5.0000000e+00  -6.8662570e+00
   1.1000000e+01   5.0000000e+00   6.0000000e+00  -7.2833370e+00
   1.2000000e+01   6.0000000e+00   6.0000000e+00  -8.0713270e+00
   1.3000000e+01   6.0000000e+00   7.0000000e+00  -7.8309430e+00
   1.4000000e+01   7.0000000e+00   7.0000000e+00  -7.8668270e+00
   1.5000000e+01   7.0000000e+00   8.0000000e+00  -8.0645940e+00
   1.6000000e+01   8.0000000e+00   8.0000000e+00  -8.3673900e+00
   1.7000000e+01   8.0000000e+00   9.0000000e+00  -8.1189040e+00
   1.8000000e+01   8.0000000e+00   1.0000000e+01  -8.1147440e+00
   1.9000000e+01   9.0000000e+00   1.0000000e+01  -8.1496120e+00
   2.0000000e+01   1.0000000e+01   1.0000000e+01  -8.4234220e+00
   2.1000000e+01   1.0000000e+01   1.1000000e+01  -8.3442800e+00
   2.2000000e+01   1.0000000e+01   1.2000000e+01  -8.4360870e+00
   2.3000000e+01   1.1000000e+01   1.2000000e+01  -8.4856750e+00
   2.4000000e+01   1.2000000e+01   1.2000000e+01  -8.6519110e+00
   2.5000000e+01   1.2000000e+01   1.3000000e+01  -8.5990470e+00
   2.6000000e+01   1.2000000e+01   1.4000000e+01  -8.6949810e+00
   2.7000000e+01   1.3000000e+01   1.4000000e+01  -8.7082420e+00
   2.8000000e+01   1.4000000e+01   1.4000000e+01  -8.8389350e+00
   2.9000000e+01   1.4000000e+01   1.5000000e+01  -8.8263270e+00
   3.0000000e+01   1.4000000e+01   1.6000000e+01  -8.8857610e+00
   3.1000000e+01   1.5000000e+01   1.6000000e+01  -8.8597440e+00
   3.2000000e+01   1.6000000e+01   1.6000000e+01  -8.8843180e+00
   3.3000000e+01   1.6000000e+01   1.7000000e+01  -8.8769640e+00
   3.4000000e+01   1.6000000e+01   1.8000000e+01  -8.9516750e+00
   3.5000000e+01   1.7000000e+01   1.8000000e+01  -8.9002850e+00
   3.6000000e+01   1.6000000e+01   2.0000000e+01  -8.9231080e+00
   3.7000000e+01   1.7000000e+01   2.0000000e+01  -8.9297600e+00
   3.8000000e+01   1.8000000e+01   2.0000000e+01  -8.9848700e+00
   3.9000000e+01   1.9000000e+01   2.0000000e+01  -8.9381740e+00
   4.0000000e+01   1.8000000e+01   2.2000000e+01  -8.9473250e+00
   4.1000000e+01   1.9000000e+01   2.2000000e+01  -8.9386230e+00
   4.2000000e+01   2.0000000e+01   2.2000000e+01  -8.9891160e+00
   4.3000000e+01   2.0000000e+01   2.3000000e+01  -8.9645510e+00
   4.4000000e+01   2.0000000e+01   2.4000000e+01  -9.0137930e+00
   4.5000000e+01   2.1000000e+01   2.4000000e+01  -8.9839450e+00
   4.6000000e+01   2.2000000e+01   2.4000000e+01  -9.0305320e+00
   4.7000000e+01   2.2000000e+01   2.5000000e+01  -9.0273360e+00
   4.8000000e+01   2.2000000e+01   2.6000000e+01  -9.0814880e+00
   4.9000000e+01   2.2000000e+01   2.7000000e+01  -9.0623230e+00
   5.0000000e+01   2.2000000e+01   2.8000000e+01  -9.0998610e+00
   5.1000000e+01   2.3000000e+01   2.8000000e+01  -9.0948840e+00
   5.2000000e+01   2.4000000e+01   2.8000000e+01  -9.1370370e+00
   5.3000000e+01   2.4000000e+01   2.9000000e+01  -9.1144350e+00
   5.4000000e+01   2.4000000e+01   3.0000000e+01  -9.1256330e+00
   5.5000000e+01   2.5000000e+01   3.0000000e+01  -9.1206110e+00
   5.6000000e+01   2.6000000e+01   3.0000000e+01  -9.1535670e+00
   5.7000000e+01   2.6000000e+01   3.1000000e+01  -9.1271190e+00
   5.8000000e+01   2.6000000e+01   3.2000000e+01  -9.1429380e+00
   5.9000000e+01   2.7000000e+01   3.2000000e+01  -9.1260460e+00
   6.0000000e+01   2.8000000e+01   3.2000000e+01  -9.1458620e+00
   6.1000000e+01   2.8000000e+01   3.3000000e+01  -9.1241290e+00
   6.2000000e+01   2.8000000e+01   3.4000000e+01  -9.1478770e+00
   6.3000000e+01   2.9000000e+01   3.4000000e+01  -9.1122720e+00
   6.4000000e+01   2.8000000e+01   3.6000000e+01  -9.1197540e+00
   6.5000000e+01   2.9000000e+01   3.6000000e+01  -9.1061540e+00
   6.6000000e+01   3.0000000e+01   3.6000000e+01  -9.1152580e+00
   6.7000000e+01   3.0000000e+01   3.7000000e+01  -9.0844680e+00
   6.8000000e+01   3.0000000e+01   3.8000000e+01  -9.1008450e+00
   6.9000000e+01   3.1000000e+01   3.8000000e+01  -9.0760780e+00
   7.0000000e+01   3.2000000e+01   3.8000000e+01  -9.0793720e+00
   7.1000000e+01   3.1000000e+01   4.0000000e+01  -9.0592180e+00
   7.2000000e+01   3.2000000e+01   4.0000000e+01  -9.0794650e+00
   7.3000000e+01   3.2000000e+01   4.1000000e+01  -9.0480060e+00
   7.4000000e+01   3.2000000e+01   4.2000000e+01  -9.0635220e+00
   7.5000000e+01   3.3000000e+01   4.2000000e+01  -9.0450930e+00
   7.6000000e+01   3.4000000e+01   4.2000000e+01  -9.0614850e+00
   7.7000000e+01   3.4000000e+01   4.3000000e+01  -9.0401530e+00
   7.8000000e+01   3.4000000e+01   4.4000000e+01  -9.0588420e+00
   7.9000000e+01   3.5000000e+01   4.4000000e+01  -9.0342200e+00
   8.0000000e+01   3.6000000e+01   4.4000000e+01  -9.0449840e+00
   8.1000000e+01   3.5000000e+01   4.6000000e+01  -9.0339790e+00
   8.2000000e+01   3.6000000e+01   4.6000000e+01  -9.0541260e+00
   8.3000000e+01   3.6000000e+01   4.7000000e+01  -9.0349660e+00
   8.4000000e+01   3.6000000e+01   4.8000000e+01  -9.0526490e+00
   8.5000000e+01   3.7000000e+01   4.8000000e+01  -9.0379980e+00
   8.6000000e+01   3.8000000e+01   4.8000000e+01  -9.0541600e+00
   8.7000000e+01   3.8000000e+01   4.9000000e+01  -9.0469640e+00
   8.8000000e+01   3.8000000e+01   5.0000000e+01  -9.0704380e+00
   8.9000000e+01   3.9000000e+01   5.0000000e+01  -9.0567430e+00
   9.0000000e+01   4.0000000e+01   5.0000000e+01  -9.0576310e+00
   9.1000000e+01   4.0000000e+01   5.1000000e+01  -9.0371560e+00
   9.2000000e+01   4.0000000e+01   5.2000000e+01  -9.0327830e+00
   9.3000000e+01   4.1000000e+01   5.2000000e+01  -9.0090510e+00
   9.4000000e+01   4.2000000e+01   5.2000000e+01  -9.0118560e+00
   9.5000000e+01   4.2000000e+01   5.3000000e+01  -8.9945640e+00
   9.6000000e+01   4.2000000e+01   5.4000000e+01  -8.9962290e+00
   9.7000000e+01   4.2000000e+01   5.5000000e+01  -8.9738060e+00
   9.8000000e+01   4.4000000e+01   5.4000000e+01  -8.9715720e+00
   9.9000000e+01   4.4000000e+01   5.5000000e+01  -8.9563480e+00
   1.0000000e+02   4.4000000e+01   5.6000000e+01  -8.9635170e+00
   1.0100000e+02   4.4000000e+01   5.7000000e+01  -8.9421170e+00
   1.0200000e+02   4.4000000e+01   5.8000000e+01  -8.9448370e+00
   1.0300000e+02   4.5000000e+01   5.8000000e+01  -8.9259100e+00
   1.0400000e+02   4.6000000e+01   5.8000000e+01  -8.9308470e+00
   1.0500000e+02   4.6000000e+01   5.9000000e+01  -8.9133560e+00
   1.0600000e+02   4.6000000e+01   6.0000000e+01  -8.9194600e+00
   1.0700000e+02   4.7000000e+01   6.0000000e+01  -8.8975140e+00
   1.0800000e+02   4.6000000e+01   6.2000000e+01  -8.9002530e+00
   1.0900000e+02   4.7000000e+01   6.2000000e+01  -8.8853000e+00
   1.1000000e+02   4.8000000e+01   6.2000000e+01  -8.8927180e+00
   1.1100000e+02   4.8000000e+01   6.3000000e+01  -8.8754450e+00
   1.1200000e+02   4.8000000e+01   6.4000000e+01  -8.8800770e+00
   1.1300000e+02   4.9000000e+01   6.4000000e+01  -8.8622120e+00
   1.1400000e+02   5.0000000e+01   6.4000000e+01  -8.8657220e+00
   1.1500000e+02   5.0000000e+01   6.5000000e+01  -8.8542490e+00
   1.1600000e+02   5.0000000e+01   6.6000000e+01  -8.8603620e+00
   1.1700000e+02   5.0000000e+01   6.7000000e+01  -8.8439770e+00
   1.1800000e+02   5.0000000e+01   6.8000000e+01  -8.8480730e+00
   1.1900000e+02   5.0000000e+01   6.9000000e+01  -8.8282010e+00
   1.2000000e+02   5.0000000e+01   7.0000000e+01  -8.8305370e+00
   1.2100000e+02   5.1000000e+01   7.0000000e+01  -8.8117830e+00
   1.2200000e+02   5.2000000e+01   7.0000000e+01  -8.8116060e+00
   1.2300000e+02   5.1000000e+01   7.2000000e+01  -8.7967270e+00
   1.2400000e+02   5.2000000e+01   7.2000000e+01  -8.8013640e+00
   1.2500000e+02   5.2000000e+01   7.3000000e+01  -8.7835050e+00
   1.2600000e+02   5.2000000e+01   7.4000000e+01  -8.7861260e+00
   1.2700000e+02   5.3000000e+01   7.4000000e+01  -8.7719810e+00
   1.2800000e+02   5.4000000e+01   7.4000000e+01  -8.7733590e+00
   1.2900000e+02   5.4000000e+01   7.5000000e+01  -8.7589040e+00
   1.3000000e+02   5.4000000e+01   7.6000000e+01  -8.7627250e+00
   1.3100000e+02   5.4000000e+01   7.7000000e+01  -8.7462530e+00
   1.3200000e+02   5.4000000e+01   7.8000000e+01  -8.7476950e+00
   1.3300000e+02   5.5000000e+01   7.8000000e+01  -8.7335150e+00
   1.3400000e+02   5.6000000e+01   7.8000000e+01  -8.7351330e+00
   1.3500000e+02   5.6000000e+01   7.9000000e+01  -8.7220720e+00
   1.3600000e+02   5.6000000e+01   8.0000000e+01  -8.7249080e+00
   1.3700000e+02   5.6000000e+01   8.1000000e+01  -8.7116280e+00
   1.3800000e+02   5.6000000e+01   8.2000000e+01  -8.7109040e+00
   1.3900000e+02   5.7000000e+01   8.2000000e+01  -8.6988920e+00
   1.4000000e+02   5.8000000e+01   8.2000000e+01  -8.7004940e+00
   1.4100000e+02   5.9000000e+01   8.2000000e+01  -8.6814050e+00
   1.4200000e+02   6.0000000e+01   8.2000000e+01  -8.6766460e+00
   1.5600000e+02   6.4000000e+01   9.2000000e+01  -8.5363420e+00
   1.5700000e+02   6.4000000e+01   9.3000000e+01  -8.5224780e+00
   1.5800000e+02   6.4000000e+01   9.4000000e+01  -8.5187750e+00
   1.5900000e+02   6.5000000e+01   9.4000000e+01  -8.5086800e+00
   1.6300000e+02   6.6000000e+01   9.7000000e+01  -8.4786070e+00
   1.6400000e+02   6.6000000e+01   9.8000000e+01  -8.4736040e+00

